0.4780
0.5580
0.5580
0.5840
0.5500
0.5400
0.5440
0.5840
0.6720
0.7220
0.7220
0.7920
0.8060
0.7580
0.5740
0.5740
0.4220
0.2320
0.1080
0.1080
0.0640
0.0400
0.0200
0.0060
0.0060
0.0000
0.0000
0.0000
0.0000
0.0000
0.0000
0.0000
0.0000
0.0000
0.0000
0.0000
0.0000
0.0000
0.0000
0.0000
0.0000
0.0000
0.0000
0.0000
0.0000
0.0000
0.0000
0.0000
0.0000
0.0000
0.0000
0.0000
0.0000
0.0000
0.0000
0.0000
0.0000
0.0000
0.0000
0.0000
0.0000
0.0000
0.0000
0.0000
0.0000
0.0000
0.0000
0.0000
0.0000
0.0000
0.0000
0.0160
0.0340
0.0580
0.0580
0.0900
0.1260
0.1780
0.2220
0.2460
0.2660
0.3380
0.3380
0.3900
0.4040
0.3940
0.3920
0.3920
0.4480
0.4820
0.5780
0.7220
0.7220
0.7900
0.7860
0.7880
0.7880
0.7880
0.6680
0.4860
0.3740
0.2100
0.1060
0.0660
0.0420
0.0420
0.0280
0.0200
0.0120
0.0120
0.0040
0.0000
0.0000
0.0000
0.0000
0.0000
0.0000
0.0000
0.0000
0.0000
0.0000
0.0000
0.0000
0.0000
0.0000
0.0000
0.0000
0.0000
0.0000
0.0000
0.0000
0.0000
0.0000
0.0000
0.0000
0.0000
0.0000
0.0000
0.0000
0.0000
0.0000
0.0000
0.0000
0.0000
0.0000
0.0000
0.0000
0.0000
0.0000
0.0000
0.0040
0.0080
0.0140
0.0220
0.0220
0.0320
0.0460
0.0680
0.1080
0.1080
0.2560
0.3880
0.5120
0.6720
0.6720
0.7460
0.7540
0.7020
0.7020
0.6220
0.6000
0.5860
0.6180
0.7100
0.7680
0.7640
0.6540
0.6540
0.5520
0.4020
0.2280
0.2280
0.1700
0.1420
0.1160
0.0940
0.0940
0.0740
0.0540
0.0380
0.0220
0.0220
0.0080
0.0000
0.0000
0.0000
0.0000
0.0000
0.0000
0.0000
0.0000
0.0000
0.0000
0.0000
0.0000
0.0000
0.0000
0.0000
0.0000
0.0000
0.0000
0.0000
0.0000
0.0000
0.0000
0.0000
0.0000
0.0000
0.0000
0.0000
0.0000
0.0000
0.0000
0.0000
0.0000
0.0000
0.0000
0.0000
0.0000
0.0000
0.0000
0.0000
0.0000
0.0000
0.0000
0.0000
0.0000
0.0120
0.0420
0.0940
0.1680
0.2340
0.2820
0.3360
0.3360
0.3820
0.4020
0.3620
0.3180
0.3180
0.3520
0.3600
0.3720
0.3980
0.3980
0.4660
0.5160
0.6300
0.6300
0.7580
0.8020
0.8420
0.8420
0.7780
0.6020
0.4400
0.2940
0.2940
0.1260
0.0640
0.0320
0.0320
0.0060
0.0000
0.0000
0.0000
0.0000
0.0000
0.0000
0.0000
0.0000
0.0000
0.0000
0.0000
0.0000
0.0000
0.0000
0.0000
0.0000
0.0000
0.0000
0.0000
0.0000
0.0000
0.0000
0.0000
0.0000
0.0000
0.0000
0.0000
0.0000
0.0000
0.0000
0.0000
0.0000
0.0000
0.0000
0.0000
0.0000
0.0000
0.0000
0.0000
0.0000
0.0000
0.0000
0.0000
0.0000
0.0000
0.0000
0.0000
0.0000
0.0000
0.0000
0.0000
0.0000
0.0000
0.0000
0.0000
0.0100
0.0400
0.1000
0.1000
0.2560
0.3720
0.4380
0.5080
0.5420
0.5320
0.5620
0.5620
0.5640
0.6220
0.7020
0.7620
0.7620
0.8040
0.8020
0.6320
0.6320
0.4720
0.3000
0.1640
0.1140
0.1140
0.0860
0.0620
0.0380
0.0180
0.0000
0.0000
0.0000
0.0000
0.0000
0.0000
0.0000
0.0000
0.0000
0.0000
0.0000
0.0000
0.0000
0.0000
0.0000
0.0000
0.0000
0.0000
0.0000
0.0000
0.0000
0.0000
0.0000
0.0000
0.0000
0.0000
0.0000
0.0000
0.0000
0.0000
0.0000
0.0000
0.0000
0.0000
0.0000
0.0000
0.0000
0.0000
0.0000
0.0000
0.0000
0.0000
0.0000
0.0000
0.0000
0.0000
0.0000
0.0180
0.0180
0.0620
0.1440
0.2360
0.3120
0.3120
0.3960
0.4780
0.5320
0.5380
0.5380
0.5200
0.5080
0.4520
0.4520
0.3340
0.2980
0.2940
0.3360
0.4240
0.4240
0.5440
0.7000
0.8160
0.8280
0.8180
0.7840
0.7340
0.7340
0.5840
0.4540
0.3280
0.3280
0.1460
0.0800
0.0460
0.0260
0.0260
0.0160
0.0080
0.0000
0.0000
0.0000
0.0000
0.0000
0.0000
0.0000
0.0000
0.0000
0.0000
0.0000
0.0000
0.0000
0.0000
0.0000
0.0000
0.0000
0.0000
0.0000
0.0000
0.0000
0.0000
0.0000
0.0000
0.0000
0.0000
0.0000
0.0000
0.0000
0.0000
0.0000
0.0000
0.0000
0.0000
0.0000
0.0000
0.0000
0.0000
0.0000
0.0000
0.0000
0.0000
0.0000
0.0000
0.0020
0.0160
0.0320
0.0320
0.0480
0.0700
0.1040
0.1040
0.1980
0.3380
0.4120
0.4460
0.4640
0.4640
0.4660
0.5200
0.5200
0.5340
0.6440
0.7100
0.7100
0.7520
0.8100
0.8100
0.7540
0.7540
0.6000
0.4380
0.2880
0.1320
0.1320
0.0800
0.0500
0.0340
0.0220
0.0100
0.0040
0.0000
0.0000
0.0000
0.0000
0.0000
0.0000
0.0000
0.0000
0.0000
0.0000
0.0000
0.0000
0.0000
0.0000
0.0000
0.0000
0.0000
0.0000
0.0000
0.0000
0.0000
0.0000
0.0000
0.0000
0.0000
0.0000
0.0000
0.0000
0.0000
0.0000
0.0000
0.0000
0.0000
0.0000
0.0000
0.0000
0.0000
0.0000
0.0000
0.0000
0.0000
0.0120
0.0340
0.0340
0.0640
0.1080
0.1820
0.2500
0.3060
0.3560
0.4080
0.4080
0.4400
0.4320
0.3860
0.3200
0.3200
0.3100
0.3100
0.3140
0.3140
0.3280
0.3680
0.4480
0.5880
0.5880
0.7220
0.7900
0.7820
0.7620
0.7500
0.7040
0.5680
0.5680
0.4440
0.3560
0.1920
0.1140
0.1140
0.0820
0.0600
0.0460
0.0360
0.0360
0.0280
0.0160
0.0100
0.0060
0.0060
0.0000
0.0000
0.0000
0.0000
0.0000
0.0000
0.0000
0.0000
0.0000
0.0000
0.0000
0.0000
0.0000
0.0000
0.0000
0.0000
0.0000
0.0000
0.0000
0.0000
0.0000
0.0000
0.0000
0.0000
0.0000
0.0000
0.0000
0.0000
0.0000
0.0000
0.0000
0.0040
0.0080
0.0160
0.0160
0.0180
0.0260
0.0340
0.0400
0.0400
0.0540
0.0760
0.1060
0.2280
0.2280
0.3760
0.4660
0.5780
0.5780
0.6840
0.7160
0.6820
0.6300
0.5960
0.5900
0.5980
0.6520
0.6520
0.7340
0.7920
0.8140
0.8140
0.7200
0.5980
0.4780
0.3080
0.3080
0.1980
0.1600
0.1360
0.1120
0.1120
0.0940
0.0740
0.0540
0.0380
0.0240
0.0100
0.0000
0.0000
0.0000
0.0000
0.0000
0.0000
0.0000
0.0000
0.0000
0.0000
0.0000
0.0000
0.0000
0.0000
0.0000
0.0000
0.0000
0.0000
0.0000
0.0000
0.0000
0.0000
0.0000
0.0000
0.0000
0.0000
0.0000
0.0000
0.0000
0.0000
0.0000
0.0000
0.0000
0.0000
0.0000
0.0000
0.0000
0.0000
0.0000
0.0000
0.0040
0.0260
0.0260
0.0600
0.1160
0.1880
0.2460
0.2900
0.3380
0.3840
0.4180
0.4180
0.4320
0.4060
0.3320
0.3320
0.3180
0.3320
0.3460
0.3640
0.3640
0.4280
0.4660
0.5640
0.7000
0.7000
0.8080
0.8120
0.8260
0.8400
0.7760
0.6100
0.4500
0.4500
0.3340
0.1540
0.0760
0.0360
0.0360
0.0100
0.0000
0.0000
0.0000
0.0000
0.0000
0.0000
0.0000
0.0000
0.0000
0.0000
0.0000
0.0000
0.0000
0.0000
0.0000
0.0000
0.0000
0.0000
0.0000
0.0000
0.0000
0.0000
0.0000
0.0000
0.0000
0.0000
0.0000
0.0000
0.0000
0.0000
0.0000
0.0000
0.0000
0.0000
0.0000
0.0000
0.0000
0.0000
0.0000
0.0000
0.0000
0.0000
0.0000
0.0000
0.0000
0.0000
0.0000
0.0000
0.0000
0.0000
0.0000
0.0000
0.0000
0.0080
0.0340
0.0680
0.1520
0.1520
0.3100
0.4020
0.4620
0.5300
0.5580
0.5440
0.5720
0.5720
0.5720
0.6160
0.6920
0.7540
0.7540
0.8020
0.8300
0.7340
0.5620
0.5620
0.4180
0.2340
0.1480
0.1080
0.1080
0.0840
0.0560
0.0400
0.0200
0.0020
0.0000
0.0000
0.0000
0.0000
0.0000
0.0000
0.0000
0.0000
0.0000
0.0000
0.0000
0.0000
0.0000
0.0000
0.0000
0.0000
0.0000
0.0000
0.0000
0.0000
0.0000
0.0000
0.0000
0.0000
0.0000
0.0000
0.0000
0.0000
0.0000
0.0000
0.0000
0.0000
0.0000
0.0000
0.0000
0.0000
0.0000
0.0000
0.0000
0.0000
0.0000
0.0000
0.0000
0.0000
0.0320
0.0900
0.1780
0.1780
0.2640
0.3460
0.4520
0.5620
0.5620
0.6340
0.6640
0.6220
0.6220
0.5640
0.5360
0.4900
0.3620
0.3620
0.2960
0.2820
0.3120
0.4080
0.4920
0.6200
0.7560
0.7560
0.8160
0.8200
0.7860
0.7420
0.7420
0.6360
0.5020
0.4120
0.2640
0.2640
0.1300
0.0760
0.0460
0.0300
0.0300
0.0200
0.0120
0.0080
0.0060
0.0040
0.0020
0.0020
0.0020
0.0000
0.0000
0.0000
0.0000
0.0000
0.0000
0.0000
0.0000
0.0000
0.0000
0.0000
0.0000
0.0000
0.0000
0.0000
0.0000
0.0000
0.0000
0.0000
0.0000
0.0000
0.0000
0.0000
0.0000
0.0000
0.0000
0.0000
0.0000
0.0000
0.0000
0.0000
0.0000
0.0000
0.0000
0.0000
0.0000
0.0000
0.0060
0.0180
0.0300
0.0300
0.0440
0.0620
0.0880
0.1280
0.2260
0.3360
0.3860
0.3960
0.3960
0.4000
0.4080
0.4600
0.4600
0.4820
0.5540
0.7000
0.7300
0.7300
0.7760
0.8120
0.8080
0.7540
0.7540
0.6120
0.4520
0.3360
0.1560
0.0960
0.0720
0.0520
0.0520
0.0360
0.0280
0.0200
0.0160
0.0160
0.0080
0.0000
0.0000
0.0000
0.0000
0.0000
0.0000
0.0000
0.0000
0.0000
0.0000
0.0000
0.0000
0.0000
0.0000
0.0000
0.0000
0.0000
0.0000
0.0000
0.0000
0.0000
0.0000
0.0000
0.0000
0.0000
0.0000
0.0000
0.0000
0.0000
0.0000
0.0000
0.0000
0.0000
0.0000
0.0080
0.0300
0.0600
0.1080
0.1080
0.1760
0.2440
0.2960
0.3560
0.3560
0.4220
0.4800
0.5140
0.5140
0.5060
0.4900
0.4820
0.4500
0.4500
0.3480
0.2560
0.2320
0.2200
0.2600
0.3420
0.4260
0.5480
0.5480
0.6760
0.7700
0.7900
0.7900
0.7880
0.7600
0.7220
0.6320
0.6320
0.5160
0.4400
0.3440
0.1960
0.1960
0.1300
0.0960
0.0720
0.0720
0.0540
0.0420
0.0320
0.0200
0.0120
0.0060
0.0000
0.0000
0.0000
0.0000
0.0000
0.0000
0.0000
0.0000
0.0000
0.0000
0.0000
0.0000
0.0000
0.0000
0.0000
0.0000
0.0000
0.0000
0.0000
0.0000
0.0000
0.0000
0.0000
0.0000
0.0000