0.6120
0.6120
0.6160
0.6220
0.6240
0.6300
0.6300
0.6340
0.6460
0.6520
0.6580
0.6580
0.6640
0.6640
0.6660
0.6660
0.6620
0.6620
0.6520
0.6460
0.6420
0.6340
0.6280
0.6180
0.6180
0.6080
0.5980
0.5920
0.5920
0.5840
0.5780
0.5720
0.5660
0.5660
0.5580
0.5540
0.5480
0.5480
0.5480
0.5440
0.5460
0.5440
0.5420
0.5500
0.5540
0.5580
0.5580
0.5620
0.5660
0.5720
0.5780
0.5780
0.5820
0.5880
0.5900
0.5940
0.5940
0.5980
0.6020
0.6060
0.6060
0.6080
0.6160
0.6160
0.6200
0.6180
0.6260
0.6280
0.6380
0.6380
0.6380
0.6340
0.6320
0.6320
0.6360
0.6340
0.6300
0.6300
0.6300
0.6280
0.6280
0.6280
0.6280
0.6280
0.6280
0.6280
0.6300
0.6300
0.6320
0.6320
0.6280
0.6220
0.6200
0.6100
0.6020
0.5920
0.5920
0.5820
0.5700
0.5540
0.5420
0.5420
0.5300
0.5160
0.5000
0.5000
0.4860
0.4720
0.4560
0.4420
0.4420
0.4300
0.4200
0.4100
0.4040
0.3940
0.3880
0.3820
0.3820
0.3780
0.3740
0.3760
0.3760
0.3760
0.3740
0.3760
0.3760
0.3780
0.3780
0.3820
0.3840
0.3880
0.3880
0.3920
0.3960
0.4020
0.4060
0.4140
0.4180
0.4260
0.4320
0.4320
0.4400
0.4480
0.4600
0.4680
0.4680
0.4760
0.4900
0.5000
0.5000
0.5140
0.5280
0.5400
0.5500
0.5500
0.5640
0.5760
0.5900
0.6020
0.6120
0.6220
0.6280
0.6280
0.6340
0.6380
0.6380
0.6420
0.6420
0.6400
0.6440
0.6460
0.6500
0.6500
0.6520
0.6500
0.6540
0.6540
0.6540
0.6500
0.6500
0.6480
0.6400
0.6340
0.6260
0.6220
0.6220
0.6160
0.6100
0.6080
0.6040
0.6040
0.5980
0.5980
0.5960
0.5960
0.5940
0.5940
0.5960
0.5940
0.5940
0.5920
0.5920
0.5880
0.5880
0.5880
0.5840
0.5800
0.5760
0.5740
0.5720
0.5680
0.5680
0.5680
0.5660
0.5680
0.5680
0.5640
0.5640
0.5660
0.5680
0.5740
0.5740
0.5720
0.5780
0.5840
0.5900
0.5900
0.5960
0.6060
0.6120
0.6220
0.6320
0.6400
0.6500
0.6580
0.6580
0.6620
0.6660
0.6720
0.6720
0.6700
0.6700
0.6680
0.6620
0.6620
0.6560
0.6520
0.6460
0.6440
0.6440
0.6380
0.6320
0.6260
0.6200
0.6180
0.6100
0.6060
0.6060
0.5980
0.5860
0.5800
0.5720
0.5720
0.5660
0.5580
0.5500
0.5500
0.5440
0.5360
0.5260
0.5200
0.5200
0.5120
0.5060
0.4960
0.4860
0.4860
0.4740
0.4660
0.4520
0.4440
0.4340
0.4240
0.4120
0.4120
0.4020
0.3940
0.3840
0.3800
0.3800
0.3720
0.3680
0.3640
0.3640
0.3640
0.3640
0.3620
0.3680
0.3680
0.3740
0.3800
0.3900
0.4000
0.4100
0.4220
0.4380
0.4460
0.4460
0.4640
0.4800
0.4940
0.4940
0.5060
0.5180
0.5300
0.5400
0.5400
0.5540
0.5600
0.5720
0.5800
0.5800
0.5860
0.5900
0.5980
0.6060
0.6100
0.6140
0.6140
0.6140
0.6140
0.6140
0.6160
0.6180
0.6180
0.6200
0.6220
0.6280
0.6340
0.6340
0.6400
0.6460
0.6520
0.6520
0.6580
0.6640
0.6640
0.6660
0.6660
0.6680
0.6660
0.6620
0.6560
0.6500
0.6420
0.6380
0.6380
0.6300
0.6220
0.6140
0.6040
0.6040
0.5960
0.5920
0.5840
0.5780
0.5780
0.5720
0.5640
0.5600
0.5600
0.5540
0.5520
0.5520
0.5520
0.5520
0.5540
0.5580
0.5620
0.5620
0.5680
0.5720
0.5760
0.5840
0.5840
0.5900
0.5960
0.6000
0.6000
0.6060
0.6100
0.6120
0.6180
0.6180
0.6240
0.6260
0.6300
0.6320
0.6360
0.6380
0.6440
0.6440
0.6460
0.6460
0.6440
0.6440
0.6440
0.6400
0.6380
0.6320
0.6320
0.6320
0.6300
0.6260
0.6260
0.6260
0.6260
0.6260
0.6260
0.6300
0.6320
0.6320
0.6320
0.6280
0.6280
0.6240
0.6200
0.6100
0.6000
0.6000
0.5920
0.5820
0.5700
0.5700
0.5560
0.5440
0.5300
0.5140
0.5140
0.4960
0.4860
0.4700
0.4560
0.4560
0.4420
0.4280
0.4180
0.4100
0.4040
0.3920
0.3900
0.3900
0.3820
0.3800
0.3800
0.3800
0.3800
0.3820
0.3840
0.3880
0.3880
0.3920
0.3980
0.4000
0.4060
0.4060
0.4100
0.4160
0.4200
0.4260
0.4300
0.4380
0.4440
0.4500
0.4500
0.4580
0.4660
0.4760
0.4760
0.4840
0.4920
0.5000
0.5140
0.5140
0.5240
0.5320
0.5460
0.5580
0.5580
0.5680
0.5780
0.5900
0.6020
0.6120
0.6200
0.6280
0.6280
0.6340
0.6400
0.6460
0.6480
0.6480
0.6500
0.6540
0.6560
0.6560
0.6580
0.6580
0.6600
0.6620
0.6620
0.6620
0.6600
0.6580
0.6560
0.6480
0.6400
0.6360
0.6260
0.6260
0.6180
0.6140
0.6080
0.6080
0.5980
0.5940
0.5940
0.5900
0.5900
0.5880
0.5880
0.5860
0.5860
0.5860
0.5860
0.5860
0.5880
0.5860
0.5860
0.5840
0.5840
0.5840
0.5840
0.5860
0.5800
0.5800
0.5800
0.5760
0.5780
0.5760
0.5760
0.5760
0.5740
0.5760
0.5760
0.5760
0.5780
0.5820
0.5840
0.5860
0.5860
0.5940
0.6020
0.6080
0.6160
0.6220
0.6320
0.6420
0.6420
0.6480
0.6540
0.6620
0.6640
0.6640
0.6660
0.6660
0.6640
0.6620
0.6620
0.6580
0.6540
0.6520
0.6520
0.6460
0.6420
0.6360
0.6340
0.6340
0.6280
0.6240
0.6180
0.6100
0.6020
0.5900
0.5820
0.5820
0.5660
0.5600
0.5520
0.5420
0.5420
0.5380
0.5240
0.5140
0.5060
0.5060
0.5000
0.4900
0.4840
0.4840
0.4760
0.4660
0.4600
0.4540
0.4440
0.4360
0.4280
0.4200
0.4200
0.4100
0.4040
0.3940
0.3860
0.3860
0.3840
0.3780
0.3760
0.3760
0.3740
0.3720
0.3740
0.3780
0.3780
0.3780
0.3780
0.3860
0.3980
0.4060
0.4180
0.4260
0.4260
0.4420
0.4540
0.4700
0.4820
0.4820
0.4980
0.5160
0.5300
0.5440
0.5440
0.5560
0.5680
0.5800
0.5800
0.5860
0.5980
0.6060
0.6120
0.6140
0.6220
0.6240
0.6240
0.6240
0.6260
0.6240
0.6260
0.6240
0.6240
0.6240
0.6280
0.6280
0.6280
0.6320
0.6340
0.6420
0.6460
0.6460
0.6500
0.6520
0.6560
0.6560
0.6560
0.6620
0.6560
0.6560
0.6540
0.6500
0.6440
0.6380
0.6380
0.6360
0.6280
0.6220
0.6160
0.6160
0.6060
0.5980
0.5960
0.5960
0.5860
0.5800
0.5740
0.5700
0.5700
0.5640
0.5600
0.5560
0.5520
0.5500
0.5520
0.5520
0.5560
0.5560
0.5580
0.5620
0.5660
0.5660
0.5740
0.5800
0.5860
0.5920
0.6020
0.6100
0.6100
0.6160
0.6240
0.6280
0.6320
0.6400
0.6400
0.6440
0.6460
0.6520
0.6560
0.6560
0.6560
0.6560
0.6560
0.6520
0.6520
0.6500
0.6480
0.6400
0.6400
0.6340
0.6320
0.6260
0.6240
0.6200
0.6220
0.6200
0.6200
0.6200
0.6200
0.6220
0.6200
0.6200
0.6200
0.6160
0.6140
0.6080
0.6080
0.6080
0.5940
0.5860
0.5740
0.5740
0.5640
0.5500
0.5380
0.5220
0.5100
0.4960
0.4820
0.4820
0.4660
0.4520
0.4400
0.4260
0.4260
0.4180
0.4060
0.3940
0.3880
0.3880
0.3820
0.3760
0.3740
0.3740
0.3720
0.3720
0.3760
0.3780
0.3780
0.3840
0.3900
0.3980
0.4040
0.4140
0.4240
0.4300
0.4360
0.4360
0.4480
0.4520
0.4600
0.4600
0.4660
0.4760
0.4840
0.4920
0.4920
0.5000
0.5100
0.5180
0.5280
0.5380
0.5460
0.5520
0.5520
0.5620
0.5700
0.5760
0.5860
0.5860
0.5940
0.6040
0.6100
0.6160
0.6160
0.6240
0.6320
0.6360
0.6360
0.6420
0.6500
0.6520
0.6600
0.6600
0.6660
0.6680
0.6700
0.6720
0.6760
0.6740
0.6700
0.6660
0.6660
0.6580
0.6500
0.6440
0.6440
0.6360
0.6260
0.6200
0.6120
0.6120
0.6020
0.5960
0.5880
0.5820
0.5820
0.5800
0.5760
0.5740
0.5720
0.5720
0.5720
0.5700
0.5700
0.5760
0.5780
0.5800
0.5820
0.5820
0.5820
0.5840
0.5860
0.5860
0.5860
0.5860
0.5860
0.5840
0.5840
0.5880
0.5900
0.5900
0.5900
0.5900
0.5940
0.5960
0.5960
0.5960
0.6020
0.6080
0.6100
0.6100
0.6140
0.6220
0.6260
0.6340
0.6340
0.6420
0.6460
0.6480
0.6520
0.6520
0.6560
0.6560
0.6580
0.6580
0.6560
0.6580
0.6560
0.6540
0.6520
0.6520
0.6480
0.6440
0.6440
0.6400
0.6360
0.6300
0.6300
0.6200
0.6120
0.6000
0.5900
0.5900
0.5800
0.5680
0.5560
0.5420
0.5420
0.5300
0.5180
0.5060
0.4960
0.4860
0.4760
0.4680
0.4680
0.4600
0.4520
0.4460
0.4420
0.4420
0.4360
0.4320
0.4280
0.4220
0.4220
0.4180
0.4100
0.4080
0.4080
0.4060
0.4020
0.3980
0.3940
0.3920
0.3940
0.3940
0.3960
0.3960
0.3980
0.4020
0.4040
0.4040
0.4100
0.4160
0.4220
0.4300
0.4300
0.4400
0.4500
0.4620
0.4780
0.4780
0.4900
0.5040
0.5180
0.5180
0.5340
0.5480
0.5640
0.5780
0.5900
0.6020
0.6100
0.6180
0.6180
0.6240
0.6300
0.6340
0.6360
0.6360
0.6360
0.6340
0.6360
0.6360
0.6340
0.6360
0.6360
0.6380
0.6380
0.6380
0.6400
0.6420
0.6420
0.6380
0.6420
0.6440
0.6440
0.6400
0.6400
0.6380
0.6320
0.6320
0.6320
0.6300
0.6280
0.6240
0.6240
0.6220
0.6200
0.6140
0.6140
0.6120
0.6060
0.6020
0.5980
0.5920
0.5880
0.5820
0.5760
0.5760
0.5720
0.5680
0.5620
0.5620
0.5620
0.5580
0.5560
0.5540
0.5540
0.5520
0.5520
0.5520
0.5540
0.5540
0.5600
0.5640
0.5660
0.5740
0.5820
0.5920
0.6000
0.6000
0.6100
0.6180
0.6280
0.6360
0.6360
0.6420
0.6500
0.6560
0.6600
0.6600
0.6640
0.6660
0.6640
0.6640
0.6620
0.6580
0.6540
0.6480
0.6480
0.6440
0.6380
0.6320
0.6260
0.6240
0.6180
0.6140
0.6100
0.6100
0.6100
0.6060
0.6040
0.6040
0.6000
0.5960
0.5920
0.5880
0.5880
0.5840
0.5760
0.5700
0.5640
0.5640
0.5560
0.5480
0.5360
0.5240
0.5120
0.5000
0.4880
0.4880
0.4740
0.4640
0.4500
0.4380
0.4380
0.4280
0.4140
0.4040
0.4040
0.3980
0.3880
0.3780
0.3760
0.3760
0.3720
0.3660
0.3680
0.3680
0.3680
0.3700
0.3740
0.3820
0.3940
0.4020
0.4100
0.4200
0.4200
0.4300
0.4420
0.4540
0.4660
0.4660
0.4740
0.4840
0.4900
0.5040
0.5040
0.5140
0.5200
0.5320
0.5420
0.5480
0.5560
0.5660
0.5660
0.5720
0.5780
0.5860
0.5940
0.5940
0.5960
0.6020
0.6060
0.6060
0.6080
0.6140
0.6160
0.6160
0.6160