0.0000
0.0000
0.0000
0.0000
0.0000
0.0000
0.0000
0.0000
0.0000
0.0000
0.0000
0.0000
0.0000
0.0000
0.0040
0.0100
0.0240
0.0240
0.0460
0.0820
0.1760
0.1760
0.2700
0.3580
0.4980
0.6520
0.7500
0.7800
0.8200
0.8240
0.8240
0.7580
0.6580
0.6140
0.5980
0.5980
0.6440
0.7380
0.7960
0.7960
0.7860
0.7980
0.8320
0.7460
0.7460
0.5860
0.4760
0.3700
0.1860
0.1060
0.0620
0.0300
0.0300
0.0060
0.0000
0.0000
0.0000
0.0000
0.0000
0.0000
0.0000
0.0000
0.0000
0.0000
0.0000
0.0000
0.0000
0.0000
0.0000
0.0000
0.0000
0.0000
0.0000
0.0000
0.0000
0.0000
0.0000
0.0000
0.0000
0.0000
0.0000
0.0000
0.0000
0.0000
0.0000
0.0000
0.0000
0.0000
0.0000
0.0000
0.0000
0.0000
0.0000
0.0000
0.0000
0.0000
0.0000
0.0000
0.0000
0.0000
0.0000
0.0000
0.0000
0.0040
0.0320
0.0780
0.2080
0.2080
0.3360
0.4500
0.6180
0.6180
0.7540
0.7680
0.7720
0.8040
0.8040
0.7560
0.6620
0.6200
0.6320
0.6800
0.7820
0.8540
0.8540
0.8660
0.8400
0.8300
0.7740
0.7740
0.6420
0.4980
0.4020
0.3000
0.3000
0.1760
0.0940
0.0540
0.0340
0.0340
0.0180
0.0100
0.0020
0.0000
0.0000
0.0000
0.0000
0.0000
0.0000
0.0000
0.0000
0.0000
0.0000
0.0000
0.0000
0.0000
0.0000
0.0000
0.0000
0.0000
0.0000
0.0000
0.0000
0.0000
0.0000
0.0000
0.0000
0.0000
0.0000
0.0000
0.0000
0.0000
0.0000
0.0000
0.0000
0.0000
0.0000
0.0000
0.0000
0.0000
0.0000
0.0080
0.0220
0.0420
0.0420
0.0660
0.1120
0.2100
0.3120
0.4000
0.5240
0.6820
0.6820
0.7840
0.8080
0.8360
0.8220
0.8220
0.7500
0.6600
0.6160
0.6160
0.6020
0.6440
0.7260
0.7740
0.7740
0.7800
0.7840
0.8120
0.7360
0.5780
0.4520
0.3600
0.3600
0.1800
0.0920
0.0540
0.0300
0.0300
0.0120
0.0040
0.0000
0.0000
0.0000
0.0000
0.0000
0.0000
0.0000
0.0000
0.0000
0.0000
0.0000
0.0000
0.0000
0.0000
0.0000
0.0000
0.0000
0.0000
0.0000
0.0000
0.0000
0.0000
0.0000
0.0000
0.0000
0.0000
0.0000
0.0000
0.0000
0.0000
0.0000
0.0000
0.0000
0.0000
0.0000
0.0000
0.0000
0.0000
0.0000
0.0000
0.0000
0.0000
0.0000
0.0000
0.0000
0.0000
0.0100
0.0100
0.0240
0.0420
0.0720
0.1600
0.1600
0.2980
0.3980
0.5340
0.5340
0.6700
0.7340
0.7520
0.7600
0.7060
0.6060
0.5640
0.5800
0.5800
0.6200
0.7280
0.7980
0.7980
0.8280
0.8160
0.8080
0.7780
0.7780
0.6900
0.5560
0.4460
0.3660
0.3660
0.2500
0.1400
0.0840
0.0560
0.0560
0.0340
0.0180
0.0080
0.0000
0.0000
0.0000
0.0000
0.0000
0.0000
0.0000
0.0000
0.0000
0.0000
0.0000
0.0000
0.0000
0.0000
0.0000
0.0000
0.0000
0.0000
0.0000
0.0000
0.0000
0.0000
0.0000
0.0000
0.0000
0.0000
0.0000
0.0000
0.0000
0.0000
0.0000
0.0000
0.0000
0.0000
0.0000
0.0000
0.0000
0.0000
0.0020
0.0120
0.0120
0.0240
0.0440
0.0860
0.1780
0.2760
0.3580
0.4660
0.6140
0.6140
0.7360
0.7760
0.7860
0.7860
0.7600
0.6920
0.6260
0.5940
0.5940
0.5880
0.6300
0.7200
0.7720
0.7720
0.8100
0.8320
0.8500
0.8120
0.8120
0.6940
0.5380
0.4440
0.3160
0.1580
0.0900
0.0500
0.0500
0.0240
0.0060
0.0000
0.0000
0.0000
0.0000
0.0000
0.0000
0.0000
0.0000
0.0000
0.0000
0.0000
0.0000
0.0000
0.0000
0.0000
0.0000
0.0000
0.0000
0.0000
0.0000
0.0000
0.0000
0.0000
0.0000
0.0000
0.0000
0.0000
0.0000
0.0000
0.0000
0.0000
0.0000
0.0000
0.0000
0.0000
0.0000
0.0000
0.0000
0.0000
0.0000
0.0000
0.0000
0.0000
0.0000
0.0000
0.0000
0.0000
0.0000
0.0060
0.0340
0.0800
0.0800
0.1980
0.3260
0.4360
0.5700
0.5700
0.6820
0.7540
0.7700
0.7580
0.6920
0.6120
0.5980
0.5980
0.6200
0.6600
0.7600
0.8200
0.8200
0.8380
0.8260
0.8140
0.7900
0.7900
0.7180
0.5900
0.4640
0.3800
0.3800
0.2720
0.1540
0.0840
0.0480
0.0240
0.0120
0.0020
0.0020
0.0000
0.0000
0.0000
0.0000
0.0000
0.0000
0.0000
0.0000
0.0000
0.0000
0.0000
0.0000
0.0000
0.0000
0.0000
0.0000
0.0000
0.0000
0.0000
0.0000
0.0000
0.0000
0.0000
0.0000
0.0000
0.0000
0.0000
0.0000
0.0000
0.0000
0.0000
0.0000
0.0000
0.0000
0.0000
0.0000
0.0000
0.0080
0.0180
0.0340
0.0340
0.0580
0.0940
0.1800
0.2860
0.3720
0.4640
0.5940
0.7240
0.7240
0.8040
0.8140
0.8040
0.8040
0.7480
0.6760
0.6280
0.6020
0.6020
0.6020
0.6700
0.7460
0.7760
0.7760
0.8160
0.8240
0.8380
0.7800
0.6480
0.4940
0.4100
0.4100
0.2780
0.2780
0.1320
0.0720
0.0480
0.0240
0.0100
0.0040
0.0000
0.0000
0.0000
0.0000
0.0000
0.0000
0.0000
0.0000
0.0000
0.0000
0.0000
0.0000
0.0000
0.0000
0.0000
0.0000
0.0000
0.0000
0.0000
0.0000
0.0000
0.0000
0.0000
0.0000
0.0000
0.0000
0.0000
0.0000
0.0000
0.0000
0.0000
0.0000
0.0000
0.0000
0.0000
0.0000
0.0000
0.0000
0.0000
0.0000
0.0000
0.0000
0.0060
0.0140
0.0240
0.0240
0.0400
0.0600
0.0900
0.1600
0.1600
0.3040
0.3940
0.5100
0.6280
0.6280
0.7140
0.7500
0.7460
0.6920
0.6120
0.5700
0.5880
0.5880
0.6040
0.6820
0.7760
0.8200
0.8200
0.8340
0.8200
0.8160
0.7920
0.7920
0.7040
0.5820
0.4760
0.4760
0.4020
0.3000
0.1880
0.1260
0.1260
0.0960
0.0720
0.0540
0.0400
0.0280
0.0180
0.0100
0.0100
0.0040
0.0000
0.0000
0.0000
0.0000
0.0000
0.0000
0.0000
0.0000
0.0000
0.0000
0.0000
0.0000
0.0000
0.0000
0.0000
0.0000
0.0000
0.0000
0.0000
0.0000
0.0000
0.0000
0.0000
0.0060
0.0100
0.0140
0.0140
0.0160
0.0200
0.0240
0.0240
0.0300
0.0360
0.0460
0.0580
0.0740
0.1080
0.1960
0.2920
0.2920
0.3760
0.4620
0.5820
0.5820
0.6880
0.7520
0.7560
0.7300
0.7300
0.6740
0.6080
0.5840
0.5780
0.5780
0.5980
0.6840
0.7560
0.7960
0.7960
0.8420
0.8500
0.8560
0.7920
0.6600
0.5220
0.4340
0.4340
0.2980
0.1540
0.0940
0.0600
0.0600
0.0320
0.0120
0.0000
0.0000
0.0000
0.0000
0.0000
0.0000
0.0000
0.0000
0.0000
0.0000
0.0000
0.0000
0.0000
0.0000
0.0000
0.0000
0.0000
0.0000
0.0000
0.0000
0.0000
0.0000
0.0000
0.0000
0.0000
0.0000
0.0000
0.0000
0.0000
0.0000
0.0000
0.0000
0.0000
0.0000
0.0000
0.0000
0.0000
0.0000
0.0000
0.0000
0.0000
0.0000
0.0000
0.0000
0.0000
0.0000
0.0000
0.0100
0.0400
0.0940
0.0940
0.2360
0.3480
0.4480
0.5460
0.5460
0.6340
0.6840
0.6820
0.6820
0.6420
0.5740
0.5680
0.5920
0.5920
0.6060
0.6820
0.7800
0.8260
0.8260
0.8400
0.8160
0.8020
0.7800
0.7120
0.5920
0.4720
0.4720
0.3840
0.2840
0.1640
0.0880
0.0880
0.0460
0.0220
0.0080
0.0000
0.0000
0.0000
0.0000
0.0000
0.0000
0.0000
0.0000
0.0000
0.0000
0.0000
0.0000
0.0000
0.0000
0.0000
0.0000
0.0000
0.0000
0.0000
0.0000
0.0000
0.0000
0.0000
0.0000
0.0000
0.0000
0.0000
0.0000
0.0000
0.0000
0.0000
0.0000
0.0000
0.0000
0.0000
0.0000
0.0000
0.0000
0.0000
0.0140
0.0320
0.0320
0.0540
0.0900
0.1660
0.2700
0.2700
0.3660
0.4480
0.5380
0.5380
0.6180
0.6740
0.7000
0.6960
0.6500
0.5840
0.5600
0.5620
0.5620
0.5740
0.6460
0.7340
0.7340
0.7740
0.8180
0.8340
0.8300
0.8300
0.7960
0.6800
0.5320
0.4260
0.4260
0.3320
0.1720
0.0860
0.0860
0.0460
0.0260
0.0060
0.0000
0.0000
0.0000
0.0000
0.0000
0.0000
0.0000
0.0000
0.0000
0.0000
0.0000
0.0000
0.0000
0.0000
0.0000
0.0000
0.0000
0.0000
0.0000
0.0000
0.0000
0.0000
0.0000
0.0000
0.0000
0.0000
0.0000
0.0000
0.0000
0.0000
0.0000
0.0000
0.0000
0.0000
0.0000
0.0000
0.0000
0.0000
0.0000
0.0000
0.0000
0.0000
0.0000
0.0000
0.0040
0.0120
0.0260
0.0460
0.0680
0.1120
0.2340
0.3500
0.4300
0.5060
0.5060
0.5660
0.6080
0.6120
0.6120
0.5760
0.5120
0.5160
0.5480
0.5480
0.5580
0.6120
0.7220
0.7980
0.7980
0.8180
0.8120
0.7920
0.7780
0.7580
0.6680
0.5540
0.5540
0.4520
0.3820
0.2860
0.1760
0.1760
0.1120
0.0740
0.0480
0.0480
0.0300
0.0140
0.0020
0.0000
0.0000
0.0000
0.0000
0.0000
0.0000
0.0000
0.0000
0.0000
0.0000
0.0000
0.0000
0.0000
0.0000
0.0000
0.0000
0.0000
0.0000
0.0000
0.0000
0.0000
0.0000
0.0000
0.0000
0.0000
0.0000
0.0000
0.0000
0.0000
0.0000
0.0040
0.0080
0.0120
0.0180
0.0240
0.0360
0.0500
0.0500
0.0700
0.1160
0.2040
0.2040
0.2980
0.3780
0.4400
0.5020
0.5020
0.5520
0.5980
0.6180
0.6080
0.6080
0.5600
0.5100
0.5160
0.5340
0.5620
0.6520
0.7440
0.7440
0.7920
0.8320
0.8460
0.8360
0.8360
0.8100
0.7140
0.5720
0.4560
0.4560
0.3700
0.2260
0.1080
0.1080
0.0560
0.0220
0.0000
0.0000
0.0000
0.0000
0.0000
0.0000
0.0000
0.0000
0.0000
0.0000
0.0000
0.0000
0.0000
0.0000
0.0000
0.0000
0.0000
0.0000
0.0000
0.0000
0.0000
0.0000
0.0000
0.0000
0.0000
0.0000
0.0000
0.0000
0.0000
0.0000
0.0000
0.0000
0.0000
0.0000
0.0000
0.0000
0.0000
0.0000
0.0000
0.0000
0.0000
0.0000
0.0000
0.0000
0.0000
0.0000
0.0000
0.0000
0.0000
0.0060
0.0400
0.1180
0.2580
0.3500
0.4280
0.4280
0.4860
0.5400
0.5640
0.5580
0.5580
0.5160
0.4860
0.5220
0.5420
0.5420
0.5620
0.6400
0.7420
0.8020
0.8020
0.8160
0.7940
0.7760
0.7560
0.7240
0.6280
0.5100
0.5100
0.4080
0.3340
0.2400
0.1340
0.1340
0.0700
0.0340
0.0120
0.0120
0.0000
0.0000
0.0000
0.0000
0.0000
0.0000
0.0000
0.0000
0.0000
0.0000
0.0000
0.0000
0.0000
0.0000
0.0000
0.0000
0.0000
0.0000
0.0000
0.0000
0.0000
0.0000
0.0000
0.0000
0.0000
0.0000
0.0000